---
java.util.ArrayList
444.26475
37.00317
335.96214
6.36319
812.54319
345.66943
---
java.util.LinkedList
205.38836
85.66365
144.17682
1629.10186
257.40577
246.63367
---
java.util.HashMap
177.88721
592.28172
1463.09433
21.58269
14.96719
0.04704
---
java.util.LinkedHashMap
149.73606
672.91212
72.21028
23.00671
16.18595
0.05987
---
java.util.TreeMap
27.65509
1476.95395
0.0
18.4182
39.32951
0.03849
---
java.util.HashSet
62.62701
707.18271
1543.29709
21.30473
11.22539
0.0
---
java.util.LinkedHashSet
31.48242
392.08912
75.16096
22.77151
15.03133
0.0
---
java.util.TreeSet
107.88352
542.99262
0.0
70.61949
35.33112
0.0
---
java.util.ArrayList
409.90862
44.09335
369.10378
6.0553
1048.47318
449.09701
---
java.util.LinkedList
201.13768
69.82836
520.66157
1243.6026
407.24874
318.69428
---
java.util.HashMap
139.13502
656.68768
1824.77438
16.9343
45.65421
0.03422
---
java.util.LinkedHashMap
142.77846
664.90681
67.86124
24.82843
13.1027
0.03848
---
java.util.TreeMap
54.7842
749.92473
0.0
18.43958
48.75883
0.07269
---
java.util.HashSet
47.0483
457.51712
400.50495
21.27479
13.12837
0.0
---
java.util.LinkedHashSet
20.91986
999.24394
123.75302
23.22481
15.57871
0.0
---
java.util.TreeSet
102.43118
691.53131
0.0
295.60204
459.02667
0.0
---
java.util.ArrayList
517.44576
68.0879
170.01448
6.13655
583.93003
478.65935
---
java.util.LinkedList
220.997
46.76179
353.99974
1564.19129
108.80294
302.82906
---
java.util.HashMap
185.57608
539.61431
1198.40595
25.52548
664.27819
0.05986
---
java.util.LinkedHashMap
142.89392
1572.3249
62.69971
404.98656
14.49252
0.04704
---
java.util.TreeMap
56.17401
505.54042
0.0
66.61256
41.05715
0.05132
---
java.util.HashSet
78.35538
548.84693
1313.80728
22.3225
11.92244
0.0
---
java.util.LinkedHashSet
37.02028
319.44264
1208.53233
25.76496
16.75898
0.0
---
java.util.TreeSet
133.84091
837.89761
0.0
323.72326
553.90584
0.0
---
java.util.ArrayList
409.48954
124.60829
116.05989
5.99116
444.26046
426.32977
---
java.util.LinkedList
199.75642
38.98312
70.10205
1035.15665
416.67379
277.03417
---
java.util.HashMap
158.11769
661.05383
990.54587
27.16759
13.34646
0.05987
---
java.util.LinkedHashMap
145.58373
646.59124
87.50248
30.79393
15.3093
0.04704
---
java.util.TreeMap
42.71636
362.2317
0.0
609.69497
39.50911
0.08552
---
java.util.HashSet
60.00134
643.30701
581.92014
23.00671
11.75994
0.0
---
java.util.LinkedHashSet
34.59987
360.8034
920.93132
21.95046
748.69743
0.0
---
java.util.TreeSet
105.22363
316.97091
0.0
592.936
128.82904
0.0
---
java.util.ArrayList
418.88466
38.24331
238.52999
6.74379
937.76299
234.0655
---
java.util.LinkedList
218.90587
71.87245
148.77816
1043.85473
209.84003
428.50215
---
java.util.HashMap
102.10191
658.6548
1058.99297
19.60275
14.6037
0.05131
---
java.util.LinkedHashMap
143.9459
717.44593
36.37028
18.20011
14.16752
0.05559
---
java.util.TreeMap
37.00317
474.00241
0.0
129.5047
512.82731
0.06843
---
java.util.HashSet
49.67397
808.39086
162.91574
22.44651
11.35368
0.0
---
java.util.LinkedHashSet
23.75935
655.19524
674.4687
21.72808
21.44157
0.0
---
java.util.TreeSet
122.4188
756.17675
0.0
190.04057
37.96107
0.0
---
java.util.ArrayList
418.81624
36.03672
304.03926
5.93983
757.86162
273.11704
---
java.util.LinkedList
194.38533
14.21456
79.90342
169.99309
681.90098
439.7361
---
java.util.HashMap
159.30224
497.85585
1819.07829
20.1886
15.27937
0.05987
---
java.util.LinkedHashMap
218.93581
493.02785
70.90172
26.41923
18.54221
0.0727
---
java.util.TreeMap
61.98556
429.78505
0.0
605.93607
77.47874
0.05132
---
java.util.HashSet
77.23071
518.88261
463.70926
55.90888
12.78626
0.0
---
java.util.LinkedHashSet
38.0466
554.77394
376.32225
21.48861
15.29647
0.0
---
java.util.TreeSet
112.17697
796.41711
0.0
164.81017
861.88789
0.0
---
java.util.ArrayList
419.81263
715.35907
69.86257
2.70693
23.77646
601.53144
---
java.util.LinkedList
165.9605
32.30348
139.56693
912.10922
215.22822
902.20949
---
java.util.HashMap
136.29125
647.6475
973.8211
12.78198
12.82902
0.02138
---
java.util.LinkedHashMap
39.21405
49.1437
19.27775
12.18757
13.40205
0.02138
---
java.util.TreeMap
44.30716
377.29725
0.0
28.74557
46.21441
0.02138
---
java.util.HashSet
62.43885
410.83232
1693.37954
10.37012
22.26263
0.0
---
java.util.LinkedHashSet
49.9776
46.1075
781.37294
10.88328
25.76495
0.0
---
java.util.TreeSet
28.16826
379.59364
0.0
382.8907
794.60394
0.0
---
java.util.ArrayList
249.87941
35.88705
568.70197
2.50166
25.35443
775.5443
---
java.util.LinkedList
126.24613
37.71304
500.80225
635.50696
120.36188
985.97019
---
java.util.HashMap
139.21626
503.69733
1451.25314
12.79054
14.11192
0.03421
---
java.util.LinkedHashMap
122.21782
390.34009
333.09699
12.91882
16.35273
0.02566
---
java.util.TreeMap
49.18219
1581.84403
0.0
354.7481
42.06636
0.02566
---
java.util.HashSet
62.20793
37.61896
1649.52567
12.1277
13.66718
0.0
---
java.util.LinkedHashSet
34.72389
40.94169
43.49894
11.52474
17.11391
0.0
---
java.util.TreeSet
27.91168
1180.27426
0.0
21.74092
40.80911
0.0
---
java.util.ArrayList
18.82018
1.23586
6.51715
2.71975
209.4295
2249.26532
---
java.util.LinkedList
18.36689
2.64278
8.15926
177.29707
101.44762
2280.40564
---
java.util.HashMap
253.32186
19.16656
37.11864
12.89317
14.1162
0.03421
---
java.util.LinkedHashMap
17.96063
20.62051
3.38686
193.06395
8.40729
0.03421
---
java.util.TreeMap
21.48006
38.16634
0.0
15.24515
61.59214
0.02138
---
java.util.HashSet
18.11458
22.48072
370.50642
5.02042
5.49937
0.0
---
java.util.LinkedHashSet
20.19716
22.63895
20.59913
11.10566
7.29972
0.0
---
java.util.TreeSet
17.96918
43.62723
0.0
20.87282
341.76086
0.0
---
java.util.ArrayList
19.82939
1.44968
10.58394
3.06613
26.58173
2639.69522
---
java.util.LinkedList
20.22709
1.40264
10.81059
185.98233
426.12023
2012.9077
---
java.util.HashMap
18.28136
60.87371
43.66571
6.01681
13.90238
0.06842
---
java.util.LinkedHashMap
18.17445
17.79813
4.44739
4.16944
6.84643
0.02994
---
java.util.TreeMap
18.17872
30.48176
0.0
13.07277
21.00539
0.03421
---
java.util.HashSet
18.12741
29.69491
348.86814
2.68554
7.91978
0.0
---
java.util.LinkedHashSet
18.60208
28.2324
223.71248
4.4645
5.96122
0.0
---
java.util.TreeSet
19.38038
31.3584
0.0
10.70796
14.90732
0.0
---
java.util.ArrayList
21.41592
1.16316
12.96159
0.07697
171.04507
2437.8947
---
java.util.LinkedList
17.99484
1.23158
10.37868
155.78281
97.31668
2165.5474
---
java.util.HashMap
18.17017
22.88697
39.15845
5.72175
5.70464
0.0171
---
java.util.LinkedHashMap
18.08464
323.97129
4.94345
5.07174
2.99771
0.02994
---
java.util.TreeMap
18.05043
62.96484
0.0
13.31653
16.90865
0.03421
---
java.util.HashSet
18.10175
26.89819
34.96764
3.83161
2.89508
0.0
---
java.util.LinkedHashSet
18.31556
24.01593
40.41997
3.97272
3.31416
0.0
---
java.util.TreeSet
23.22908
36.80646
0.0
46.22724
19.94058
0.0
---
java.util.ArrayList
85.66366
1.34277
10.41716
0.10263
26.54325
2506.38458
---
java.util.LinkedList
17.83234
1.29573
11.67868
157.1769
130.84747
2030.52195
---
java.util.HashMap
18.69616
22.06164
33.57783
6.22208
3.17732
0.02993
---
java.util.LinkedHashMap
28.39918
24.82416
5.49082
6.60694
3.92568
0.03421
---
java.util.TreeMap
28.16826
50.99108
0.0
19.01688
9.73295
0.03421
---
java.util.HashSet
26.49193
23.55409
55.89177
4.54575
4.10101
0.0
---
java.util.LinkedHashSet
20.25275
24.70442
22.01888
4.79378
4.40036
0.0
---
java.util.TreeSet
17.79813
40.92886
0.0
12.4356
5.80299
0.0
---
java.util.ArrayList
17.99057
1.2658
7.80004
0.0898
23.87054
3035.90672
---
java.util.LinkedList
18.04188
1.23159
7.83426
158.98152
130.72345
2394.60959
---
java.util.HashMap
17.93069
18.41393
29.18602
4.57996
1.59507
0.03421
---
java.util.LinkedHashMap
18.01195
17.38332
2.85232
6.44445
1.52665
0.02994
---
java.util.TreeMap
21.21493
32.58144
0.0
36.86634
8.73228
0.03849
---
java.util.HashSet
100.50255
24.35376
28.72845
87.50248
2.27501
0.0
---
java.util.LinkedHashSet
19.03826
24.26823
17.64418
4.50299
2.60429
0.0
---
java.util.TreeSet
22.33105
41.80551
0.0
10.76355
7.24412
0.0
---
java.util.ArrayList
18.18728
1.28718
10.96881
0.08125
23.86625
2370.81602
---
java.util.LinkedList
17.75537
1.24013
10.10926
196.46364
437.3328
1857.16766
---
java.util.HashMap
17.87938
21.98894
30.43472
7.56912
1.68488
0.01711
---
java.util.LinkedHashMap
17.87083
20.11591
4.13095
4.36187
2.08686
0.02565
---
java.util.TreeMap
18.14451
53.24044
0.0
15.41621
9.03163
0.02566
---
java.util.HashSet
17.88793
22.54487
25.58962
4.16944
0.70132
0.0
---
java.util.LinkedHashSet
17.99912
17.60142
16.40404
2.55726
1.07337
0.0
---
java.util.TreeSet
18.27281
242.67377
0.0
7.09017
4.53292
0.0
---
java.util.ArrayList
21.60407
1.27862
76.79452
0.08125
24.74718
2905.42702
---
java.util.LinkedList
17.98201
2.44607
10.16486
151.17719
129.0343
2460.38825
---
java.util.HashMap
17.96491
24.61462
37.73443
5.46944
3.24575
0.01283
---
java.util.LinkedHashMap
18.00767
29.23307
4.83227
5.69608
3.4339
0.01711
---
java.util.TreeMap
18.00767
33.22289
0.0
17.7297
7.97537
0.02993
---
java.util.HashSet
17.92214
24.00737
26.43634
5.16155
2.42896
0.0
---
java.util.LinkedHashSet
18.29846
80.19422
19.08531
3.82305
1.56942
0.0
---
java.util.TreeSet
18.07609
35.79724
0.0
9.12143
4.89641
0.0
